94628
12840
24925
78089
3880
53322
99935
13689
7093
19360
26043
59710
93774
42642
89503
3059
25484
68941
30546
4481
32669
68770
15360
111082
27883
41563
46595
7796
54737
68312
31588
46697
65587
2590
15765
3
55302
4949
18450
19209
22357
110912
14791
16350
28534
14095
29978
65090
30776
82339
23986
12178
40512
15529
28059
15837
50494
16142
54399
60626
4923
52620
62081
40429
102032
4751
85807
34156
56356
5057
72444
17246
88578
8309
81726
79697
78174
46246
24157
47662
206
63288
83891
9526
30538
10720
2201
1391
73223
90608
1888
8764
10548
11920
13152
13187
81479
2009
65862
40786
6652
8241
25864
82865
38607
23498
2768
96131
72770
4094
7306
6390
73493
14090
31954
47060
76220
41237
85817
27266
27794
51142
13246
64527
59166
13166
22134
61637
44860
58451
78916
4497
60790
81568
45626
47955
23109
60530
76335
500
27118
33205
3211
58882
7653
61937
9605
18516
7409
20362
32516
16368
115642
64079
104093
28155
13787
99854
85528
52598
74587
62069
99421
65578
22376
35
27606
500
66417
63605
53744
63931
85376
56695
51142
55181
9328